25
21 0 0 16 3  24 19 0 0 10  15 14 0 22 0  0 20 6 0 2  0 0 5 23 0  
0 19 0 0 8  0 3 2 0 0  0 0 16 0 18  5 0 0 12 15  0 0 0 1 0  
2 12 17 0 6  0 1 18 0 0  9 0 19 0 0  25 21 0 0 23  24 3 0 0 0  
0 0 0 0 0  17 20 0 0 0  0 12 21 0 2  0 0 9 10 16  0 0 0 0 22  
11 14 18 25 10  15 4 0 12 0  0 6 0 8 3  1 0 24 13 0  2 0 17 0 9  

0 3 15 0 0  0 0 4 0 0  0 5 0 7 10  0 12 1 22 0  21 9 13 0 0  
10 0 20 0 5  7 0 0 0 2  0 0 4 0 15  23 13 0 0 0  0 0 24 0 8  
0 16 24 0 1  0 0 0 0 11  19 0 0 6 9  4 0 0 14 0  0 0 0 18 12  
0 0 0 2 0  10 25 0 18 6  11 0 0 0 13  0 0 0 16 0  5 15 4 3 0  
0 0 7 4 0  0 0 0 13 0  0 0 8 0 0  20 2 0 0 18  0 0 0 0 0  

0 0 16 0 22  8 2 7 0 0  0 0 15 0 12  13 6 0 0 11  9 17 0 24 4  
0 0 11 0 12  0 13 0 4 0  0 0 0 16 0  0 0 25 0 5  10 0 0 0 0  
0 6 5 0 0  25 0 0 3 0  2 23 0 4 17  0 9 0 0 8  0 0 22 7 0  
0 0 0 0 9  20 0 21 0 0  0 19 0 0 0  0 24 0 17 0  25 0 11 0 0  
7 13 0 3 21  1 0 0 11 17  14 0 6 0 0  0 0 4 23 22  8 0 19 0 0  

0 0 0 0 0  13 0 0 8 21  0 0 17 0 0  0 11 0 0 0  0 7 16 0 0  
0 17 14 22 11  0 9 0 0 0  7 0 0 0 1  12 19 0 4 24  0 8 0 0 0  
5 18 0 0 0  0 11 0 0 1  3 2 0 0 8  16 0 0 0 0  15 0 25 19 0  
3 0 19 0 0  0 0 0 22 4  24 0 10 0 0  21 0 0 0 9  18 0 12 0 6  
0 0 13 24 25  0 10 19 15 0  4 11 0 9 0  0 0 7 0 0  0 0 14 21 0  

16 0 6 0 24  0 15 17 0 19  25 9 0 5 0  0 8 0 18 21  14 23 7 13 2  
8 0 0 0 0  2 7 13 0 0  10 0 1 12 0  0 0 0 9 14  0 0 0 0 0  
0 0 0 18 13  23 0 0 1 16  0 0 24 0 11  0 0 2 20 0  12 0 9 15 25  
0 7 0 0 0  4 5 0 0 12  8 0 18 0 0  0 0 19 1 0  22 0 0 20 0  
0 5 3 0 0  18 0 6 9 0  0 16 0 21 20  15 0 0 24 12  1 10 0 0 19  
1